1,-0.076111,0.662367,-0.176652,-0.773404,1.7089,1.76388,0.129357
1,-0.0759875,0.661967,-0.176483,-0.774462,1.70948,1.76315,0.127891
1,-0.0755144,0.658513,-0.176828,-0.780093,1.70882,1.76366,0.125721
1,-0.0750462,0.655087,-0.17717,-0.785663,1.70816,1.76416,0.123584
1,-0.0745814,0.651679,-0.177511,-0.791193,1.7075,1.76466,0.121467
1,-0.0741201,0.648289,-0.177848,-0.796684,1.70685,1.76515,0.11937
1,-0.073662,0.644915,-0.178184,-0.802138,1.70619,1.76563,0.117293
1,-0.0732073,0.641558,-0.178517,-0.807554,1.70554,1.76611,0.115236
1,-0.0727558,0.638218,-0.178848,-0.812934,1.70488,1.76659,0.113199
1,-0.0723076,0.634893,-0.179176,-0.818278,1.70423,1.76706,0.11118
1,-0.0718625,0.631584,-0.179503,-0.823587,1.70357,1.76753,0.10918
1,-0.0714205,0.62829,-0.179827,-0.828862,1.70292,1.76799,0.107198
1,-0.0709816,0.625011,-0.180148,-0.834103,1.70226,1.76845,0.105234
1,-0.0705458,0.621746,-0.180468,-0.839311,1.70161,1.7689,0.103288
1,-0.070113,0.618496,-0.180786,-0.844487,1.70095,1.76935,0.10136
1,-0.0696832,0.61526,-0.181101,-0.84963,1.7003,1.76979,0.0994484
1,-0.0692563,0.612038,-0.181415,-0.854742,1.69965,1.77023,0.0975538
1,-0.0688323,0.608829,-0.181726,-0.859824,1.69899,1.77066,0.0956758
1,-0.0684112,0.605633,-0.182035,-0.864875,1.69834,1.7711,0.0938141
1,-0.067993,0.60245,-0.182342,-0.869896,1.69769,1.77152,0.0919686
1,-0.0675775,0.59928,-0.182648,-0.874888,1.69703,1.77194,0.0901389
1,-0.0671649,0.596122,-0.182951,-0.879852,1.69638,1.77236,0.0883249
1,-0.066755,0.592976,-0.183252,-0.884787,1.69573,1.77278,0.0865262
1,-0.0663478,0.589842,-0.183551,-0.889694,1.69507,1.77319,0.0847427
1,-0.0659434,0.58672,-0.183849,-0.894574,1.69442,1.77359,0.0829742
1,-0.0655417,0.58361,-0.184144,-0.899427,1.69377,1.774,0.0812204
1,-0.0651426,0.58051,-0.184438,-0.904253,1.69312,1.7744,0.0794812
1,-0.0647461,0.577422,-0.18473,-0.909054,1.69246,1.77479,0.0777564
1,-0.0643523,0.574344,-0.18502,-0.913828,1.69181,1.77518,0.0760457
1,-0.063961,0.571277,-0.185308,-0.918578,1.69116,1.77557,0.074349
1,-0.0635723,0.568221,-0.185594,-0.923302,1.69051,1.77595,0.0726661
1,-0.0631862,0.565175,-0.185879,-0.928002,1.68986,1.77633,0.0709969
1,-0.0628026,0.562139,-0.186161,-0.932678,1.6892,1.77671,0.0693411
1,-0.0624215,0.559112,-0.186442,-0.93733,1.68855,1.77708,0.0676986
1,-0.062043,0.556096,-0.186721,-0.941958,1.6879,1.77745,0.0660692
1,-0.0616668,0.553089,-0.186999,-0.946563,1.68725,1.77782,0.0644528
1,-0.0612932,0.550091,-0.187274,-0.951146,1.6866,1.77818,0.0628492
1,-0.060922,0.547103,-0.187548,-0.955705,1.68595,1.77854,0.0612583
1,-0.0605532,0.544124,-0.187821,-0.960243,1.68529,1.77889,0.0596799
1,-0.0601868,0.541153,-0.188091,-0.964759,1.68464,1.77925,0.0581138
1,-0.0598228,0.538191,-0.18836,-0.969253,1.68399,1.7796,0.0565601
1,-0.0594612,0.535238,-0.188627,-0.973726,1.68334,1.77994,0.0550184
1,-0.059102,0.532294,-0.188893,-0.978178,1.68269,1.78028,0.0534887
1,-0.0587451,0.529357,-0.189157,-0.982609,1.68204,1.78062,0.0519709
1,-0.0583906,0.526429,-0.189419,-0.98702,1.68139,1.78096,0.0504647
1,-0.0580384,0.523509,-0.18968,-0.991411,1.68074,1.78129,0.0489702
1,-0.0576885,0.520596,-0.189939,-0.995781,1.68008,1.78162,0.0474872
1,-0.0573409,0.517692,-0.190196,-1.00013,1.67943,1.78195,0.0460155
1,-0.0569956,0.514795,-0.190452,-1.00446,1.67878,1.78227,0.0445551
1,-0.0566525,0.511906,-0.190706,-1.00878,1.67813,1.78259,0.0431058
1,-0.0563118,0.509023,-0.190959,-1.01307,1.67748,1.78291,0.0416676
1,-0.0559733,0.506149,-0.19121,-1.01734,1.67683,1.78323,0.0402402
1,-0.055637,0.503281,-0.191459,-1.0216,1.67618,1.78354,0.0388237
1,-0.055303,0.50042,-0.191707,-1.02584,1.67553,1.78385,0.037418
1,-0.0549712,0.497567,-0.191954,-1.03006,1.67488,1.78415,0.0360228
1,-0.0546416,0.49472,-0.192199,-1.03426,1.67423,1.78446,0.0346382
1,-0.0543142,0.49188,-0.192442,-1.03844,1.67358,1.78476,0.033264
1,-0.053989,0.489046,-0.192684,-1.04261,1.67292,1.78505,0.0319001
1,-0.0536661,0.486219,-0.192925,-1.04676,1.67227,1.78535,0.0305465
1,-0.0533453,0.483398,-0.193164,-1.05089,1.67162,1.78564,0.0292031
1,-0.0530266,0.480584,-0.193401,-1.05501,1.67097,1.78593,0.0278697
1,-0.0527102,0.477776,-0.193637,-1.05911,1.67032,1.78621,0.0265464
1,-0.0523959,0.474973,-0.193871,-1.06319,1.66967,1.7865,0.0252329
1,-0.0520837,0.472177,-0.194104,-1.06725,1.66902,1.78678,0.0239293
1,-0.0517737,0.469387,-0.194336,-1.0713,1.66837,1.78706,0.0226354
1,-0.0514658,0.466602,-0.194566,-1.07534,1.66772,1.78733,0.0213512
1,-0.0511601,0.463824,-0.194795,-1.07936,1.66707,1.78761,0.0200766
1,-0.0508565,0.461051,-0.195022,-1.08336,1.66642,1.78788,0.0188115
1,-0.050555,0.458283,-0.195248,-1.08735,1.66577,1.78814,0.0175559
1,-0.0502556,0.455521,-0.195472,-1.09132,1.66512,1.78841,0.0163097
1,-0.0499583,0.452764,-0.195695,-1.09527,1.66447,1.78867,0.0150727
1,-0.0496631,0.450013,-0.195917,-1.09922,1.66382,1.78893,0.013845
1,-0.04937,0.447266,-0.196137,-1.10314,1.66317,1.78919,0.0126265
1,-0.049079,0.444525,-0.196356,-1.10705,1.66252,1.78945,0.0114171
1,-0.0487901,0.441789,-0.196574,-1.11095,1.66187,1.7897,0.0102168
1,-0.0485033,0.439058,-0.19679,-1.11483,1.66123,1.78995,0.00902546
1,-0.0482185,0.436332,-0.197004,-1.1187,1.66058,1.7902,0.00784305
1,-0.0479359,0.43361,-0.197218,-1.12256,1.65993,1.79044,0.0066695
1,-0.0476552,0.430894,-0.19743,-1.1264,1.65928,1.79069,0.00550476
1,-0.0473767,0.428182,-0.19764,-1.13023,1.65863,1.79093,0.00434877
1,-0.0471002,0.425474,-0.19785,-1.13404,1.65798,1.79117,0.00320148
1,-0.0468257,0.422772,-0.198058,-1.13784,1.65733,1.7914,0.00206284
1,-0.0465533,0.420073,-0.198264,-1.14162,1.65668,1.79164,0.000932781
1,-0.046283,0.417379,-0.198469,-1.1454,1.65604,1.79187,-0.000188739
1,-0.0460147,0.41469,-0.198673,-1.14916,1.65539,1.7921,-0.00130177
1,-0.0457484,0.412004,-0.198876,-1.1529,1.65474,1.79232,-0.00240637
1,-0.0454842,0.409323,-0.199077,-1.15664,1.65409,1.79255,-0.00350259
1,-0.045222,0.406646,-0.199277,-1.16036,1.65345,1.79277,-0.00459047
1,-0.0449618,0.403974,-0.199476,-1.16407,1.6528,1.79299,-0.00567006
1,-0.0447036,0.401305,-0.199674,-1.16776,1.65215,1.79321,-0.0067414
1,-0.0444475,0.39864,-0.19987,-1.17144,1.6515,1.79343,-0.00780455
1,-0.0441934,0.395979,-0.200065,-1.17511,1.65086,1.79364,-0.00885955
1,-0.0439413,0.393322,-0.200258,-1.17877,1.65021,1.79385,-0.00990644
1,-0.0436912,0.390668,-0.200451,-1.18242,1.64956,1.79406,-0.0109453
1,-0.0434431,0.388019,-0.200642,-1.18605,1.64892,1.79427,-0.0119761
1,-0.0431971,0.385373,-0.200831,-1.18967,1.64827,1.79448,-0.0129989
1,-0.042953,0.38273,-0.20102,-1.19328,1.64763,1.79468,-0.0140138
1,-0.042711,0.380091,-0.201207,-1.19688,1.64698,1.79488,-0.0150207
1,-0.0424709,0.377456,-0.201393,-1.20047,1.64634,1.79508,-0.0160198
1,-0.0422329,0.374824,-0.201578,-1.20404,1.64569,1.79528,-0.0170111
1,-0.0419968,0.372196,-0.201762,-1.20761,1.64504,1.79548,-0.0179946
1,-0.0417627,0.369571,-0.201944,-1.21116,1.6444,1.79567,-0.0189704
1,-0.0415307,0.366949,-0.202125,-1.2147,1.64376,1.79586,-0.0199384
1,-0.0413006,0.364331,-0.202305,-1.21823,1.64311,1.79605,-0.0208987
1,-0.0410725,0.361715,-0.202484,-1.22174,1.64247,1.79624,-0.0218514
1,-0.0408464,0.359103,-0.202661,-1.22525,1.64182,1.79643,-0.0227965
1,-0.0406223,0.356494,-0.202837,-1.22875,1.64118,1.79661,-0.023734
1,-0.0404002,0.353888,-0.203012,-1.23223,1.64054,1.7968,-0.024664
1,-0.0401801,0.351285,-0.203186,-1.23571,1.63989,1.79698,-0.0255864
1,-0.0399619,0.348685,-0.203359,-1.23917,1.63925,1.79716,-0.0265014
1,-0.0397457,0.346088,-0.20353,-1.24262,1.63861,1.79733,-0.0274089
1,-0.0395315,0.343494,-0.203701,-1.24606,1.63797,1.79751,-0.028309
1,-0.0393193,0.340902,-0.20387,-1.2495,1.63733,1.79768,-0.0292017
1,-0.0391091,0.338314,-0.204038,-1.25292,1.63668,1.79785,-0.030087
1,-0.0389008,0.335728,-0.204204,-1.25633,1.63604,1.79802,-0.030965
1,-0.0386945,0.333144,-0.20437,-1.25973,1.6354,1.79819,-0.0318357
2,-0.0386945,0.333144,-0.20437,-1.25973,1.6354,1.79819,-0.0318357
2,-0.037239,0.332721,-0.203951,-1.26145,1.63491,1.79645,-0.0331938
2,-0.0357863,0.332305,-0.20353,-1.26316,1.63442,1.79471,-0.0345473
2,-0.0343359,0.331895,-0.203107,-1.26486,1.63395,1.79296,-0.0358978
2,-0.0328875,0.33149,-0.202681,-1.26655,1.63347,1.79121,-0.0372453
2,-0.0314413,0.331091,-0.202253,-1.26824,1.63301,1.78946,-0.0385899
2,-0.0299973,0.330698,-0.201824,-1.26992,1.63255,1.78771,-0.0399315
2,-0.0285553,0.33031,-0.201392,-1.27159,1.63209,1.78596,-0.0412703
2,-0.0271155,0.329927,-0.200958,-1.27325,1.63165,1.78421,-0.0426062
2,-0.0256777,0.32955,-0.200522,-1.27491,1.6312,1.78246,-0.0439392
2,-0.024242,0.329178,-0.200084,-1.27656,1.63077,1.7807,-0.0452694
2,-0.0228084,0.328812,-0.199645,-1.2782,1.63034,1.77895,-0.0465968
2,-0.0213768,0.328452,-0.199203,-1.27984,1.62991,1.77719,-0.0479214
2,-0.0199473,0.328097,-0.198759,-1.28146,1.6295,1.77543,-0.0492433
2,-0.0185198,0.327747,-0.198313,-1.28308,1.62908,1.77367,-0.0505624
2,-0.0170943,0.327403,-0.197866,-1.2847,1.62868,1.77191,-0.0518788
2,-0.0156708,0.327064,-0.197417,-1.2863,1.62828,1.77015,-0.0531926
2,-0.0142492,0.326731,-0.196965,-1.2879,1.62788,1.76839,-0.0545037
2,-0.0128297,0.326403,-0.196512,-1.28949,1.62749,1.76663,-0.0558121
2,-0.0114121,0.326081,-0.196057,-1.29108,1.62711,1.76486,-0.057118
2,-0.00999652,0.325764,-0.195601,-1.29265,1.62673,1.7631,-0.0584212
2,-0.00858284,0.325452,-0.195142,-1.29422,1.62636,1.76133,-0.0597219
2,-0.0071711,0.325146,-0.194682,-1.29579,1.626,1.75957,-0.06102
2,-0.00576127,0.324845,-0.19422,-1.29734,1.62564,1.7578,-0.0623156
2,-0.00435335,0.32455,-0.193756,-1.29889,1.62528,1.75603,-0.0636087
2,-0.00294732,0.324261,-0.19329,-1.30043,1.62494,1.75426,-0.0648994
2,-0.00154318,0.323976,-0.192823,-1.30197,1.62459,1.75249,-0.0661876
2,-0.000140906,0.323697,-0.192354,-1.30349,1.62426,1.75072,-0.0674733
2,0.0012595,0.323424,-0.191884,-1.30501,1.62393,1.74895,-0.0687566
2,0.00265806,0.323156,-0.191411,-1.30653,1.6236,1.74718,-0.0700376
2,0.00405479,0.322893,-0.190937,-1.30803,1.62328,1.7454,-0.0713161
2,0.00544968,0.322636,-0.190462,-1.30953,1.62297,1.74363,-0.0725924
2,0.00684276,0.322384,-0.189985,-1.31102,1.62266,1.74186,-0.0738663
2,0.00823403,0.322137,-0.189506,-1.31251,1.62236,1.74008,-0.0751379
2,0.00962351,0.321896,-0.189026,-1.31399,1.62206,1.73831,-0.0764072
2,0.0110112,0.32166,-0.188544,-1.31546,1.62177,1.73653,-0.0776742
2,0.0123971,0.32143,-0.18806,-1.31692,1.62148,1.73475,-0.078939
2,0.0137813,0.321205,-0.187575,-1.31838,1.6212,1.73298,-0.0802016
2,0.0151637,0.320985,-0.187089,-1.31983,1.62093,1.7312,-0.081462
2,0.0165444,0.320771,-0.186601,-1.32127,1.62066,1.72942,-0.0827202
2,0.0179233,0.320562,-0.186112,-1.32271,1.62039,1.72764,-0.0839762
2,0.0193005,0.320359,-0.185621,-1.32414,1.62014,1.72586,-0.0852301
2,0.020676,0.32016,-0.185128,-1.32556,1.61988,1.72408,-0.0864818
2,0.0220498,0.319968,-0.184635,-1.32698,1.61964,1.7223,-0.0877315
2,0.0234219,0.31978,-0.184139,-1.32838,1.61939,1.72052,-0.0889791
2,0.0247924,0.319598,-0.183643,-1.32979,1.61916,1.71874,-0.0902246
2,0.0261611,0.319421,-0.183145,-1.33118,1.61893,1.71696,-0.0914681
2,0.0275282,0.31925,-0.182645,-1.33257,1.6187,1.71518,-0.0927095
2,0.0288937,0.319084,-0.182145,-1.33395,1.61848,1.71339,-0.0939489
2,0.0302575,0.318923,-0.181643,-1.33532,1.61827,1.71161,-0.0951864
2,0.0316197,0.318767,-0.181139,-1.33669,1.61806,1.70983,-0.0964218
2,0.0329803,0.318617,-0.180634,-1.33805,1.61785,1.70805,-0.0976554
2,0.0343392,0.318472,-0.180128,-1.33941,1.61766,1.70626,-0.098887
2,0.0356966,0.318333,-0.179621,-1.34075,1.61746,1.70448,-0.100117
2,0.0370524,0.318199,-0.179112,-1.34209,1.61728,1.70269,-0.101344
2,0.0384066,0.31807,-0.178602,-1.34343,1.61709,1.70091,-0.10257
2,0.0397592,0.317946,-0.178091,-1.34475,1.61692,1.69912,-0.103794
2,0.0411102,0.317828,-0.177579,-1.34607,1.61674,1.69734,-0.105017
2,0.0424597,0.317715,-0.177065,-1.34739,1.61658,1.69556,-0.106237
2,0.0438077,0.317607,-0.17655,-1.34869,1.61642,1.69377,-0.107455
2,0.0451541,0.317505,-0.176034,-1.34999,1.61626,1.69199,-0.108672
2,0.046499,0.317407,-0.175517,-1.35129,1.61611,1.6902,-0.109887
2,0.0478424,0.317316,-0.174999,-1.35257,1.61596,1.68841,-0.1111
2,0.0491842,0.317229,-0.174479,-1.35385,1.61582,1.68663,-0.112312
2,0.0505246,0.317148,-0.173959,-1.35513,1.61569,1.68484,-0.113522
2,0.0518635,0.317072,-0.173437,-1.35639,1.61556,1.68306,-0.11473
2,0.0532009,0.317001,-0.172914,-1.35765,1.61543,1.68127,-0.115936
2,0.0545368,0.316935,-0.17239,-1.3589,1.61531,1.67949,-0.117141
2,0.0558713,0.316875,-0.171865,-1.36015,1.6152,1.6777,-0.118344
2,0.0572043,0.31682,-0.171338,-1.36139,1.61509,1.67592,-0.119545
2,0.0585358,0.31677,-0.170811,-1.36262,1.61498,1.67413,-0.120745
2,0.0598659,0.316726,-0.170283,-1.36385,1.61488,1.67234,-0.121943
2,0.0611946,0.316686,-0.169753,-1.36507,1.61479,1.67056,-0.12314
2,0.0625219,0.316652,-0.169223,-1.36628,1.6147,1.66877,-0.124335
2,0.0638477,0.316623,-0.168692,-1.36749,1.61461,1.66699,-0.125528
2,0.0651722,0.3166,-0.168159,-1.36869,1.61453,1.6652,-0.12672
2,0.0664952,0.316582,-0.167626,-1.36988,1.61446,1.66342,-0.12791
2,0.0678169,0.316568,-0.167091,-1.37107,1.61439,1.66163,-0.129099
2,0.0691371,0.31656,-0.166556,-1.37225,1.61432,1.65985,-0.130286
2,0.070456,0.316558,-0.16602,-1.37342,1.61426,1.65806,-0.131472
2,0.0717736,0.31656,-0.165482,-1.37459,1.61421,1.65628,-0.132656
2,0.0730897,0.316568,-0.164944,-1.37575,1.61416,1.65449,-0.133839
3,0.0730897,0.316568,-0.164944,-1.37575,1.61416,1.65449,-0.133839
3,0.0730897,0.316568,-0.164944,-1.37575,1.61416,1.65449,-0.133839
3,0.073056,0.316888,-0.164937,-1.37533,1.61422,1.65451,-0.133739
4,0.073056,0.316888,-0.164937,-1.37533,1.61422,1.65451,-0.133739
4,0.074456,0.316669,-0.164344,-1.37499,1.61427,1.65252,-0.133198
4,0.0758555,0.316457,-0.163751,-1.37465,1.61433,1.65053,-0.132656
4,0.0772546,0.31625,-0.163159,-1.37429,1.61439,1.64854,-0.132113
4,0.0786534,0.316048,-0.162566,-1.37394,1.61444,1.64655,-0.131569
4,0.0800519,0.315851,-0.161973,-1.37357,1.6145,1.64457,-0.131025
4,0.0814501,0.315658,-0.16138,-1.3732,1.61455,1.64258,-0.130479
4,0.0828479,0.315471,-0.160788,-1.37282,1.6146,1.64059,-0.129932
4,0.0842454,0.315288,-0.160195,-1.37244,1.61465,1.6386,-0.129385
4,0.0856425,0.315111,-0.159602,-1.37205,1.6147,1.63661,-0.128836
4,0.0870394,0.314938,-0.159009,-1.37165,1.61475,1.63463,-0.128287
4,0.0884359,0.314771,-0.158417,-1.37125,1.61479,1.63264,-0.127737
4,0.089832,0.314608,-0.157824,-1.37084,1.61484,1.63065,-0.127185
4,0.0912279,0.31445,-0.157232,-1.37043,1.61488,1.62866,-0.126633
4,0.0926234,0.314297,-0.156639,-1.37001,1.61493,1.62667,-0.12608
4,0.0940186,0.314149,-0.156047,-1.36958,1.61497,1.62469,-0.125526
4,0.0954135,0.314006,-0.155454,-1.36915,1.61501,1.6227,-0.12497
4,0.0968081,0.313868,-0.154862,-1.36871,1.61505,1.62071,-0.124414
4,0.0982023,0.313735,-0.15427,-1.36826,1.61509,1.61873,-0.123857
4,0.0995962,0.313607,-0.153678,-1.36781,1.61512,1.61674,-0.123299
4,0.10099,0.313483,-0.153086,-1.36735,1.61516,1.61475,-0.12274
4,0.102383,0.313365,-0.152495,-1.36688,1.6152,1.61277,-0.12218
4,0.103776,0.313252,-0.151903,-1.36641,1.61523,1.61078,-0.121619
4,0.105169,0.313143,-0.151312,-1.36594,1.61526,1.60879,-0.121057
4,0.106561,0.31304,-0.150721,-1.36545,1.61529,1.60681,-0.120494
4,0.107953,0.312941,-0.15013,-1.36496,1.61532,1.60482,-0.119929
4,0.109345,0.312848,-0.149539,-1.36447,1.61535,1.60284,-0.119364
4,0.110736,0.312759,-0.148948,-1.36396,1.61537,1.60085,-0.118798
4,0.112128,0.312675,-0.148358,-1.36346,1.6154,1.59887,-0.118231
4,0.113518,0.312597,-0.147768,-1.36294,1.61542,1.59688,-0.117663
4,0.114909,0.312523,-0.147178,-1.36242,1.61544,1.5949,-0.117093
4,0.116299,0.312454,-0.146589,-1.36189,1.61547,1.59291,-0.116523
4,0.117689,0.312391,-0.145999,-1.36136,1.61549,1.59093,-0.115952
4,0.119079,0.312332,-0.145411,-1.36082,1.6155,1.58895,-0.115379
4,0.120468,0.312278,-0.144822,-1.36027,1.61552,1.58696,-0.114806
4,0.121857,0.312229,-0.144233,-1.35972,1.61553,1.58498,-0.114231
4,0.123246,0.312185,-0.143645,-1.35916,1.61555,1.583,-0.113655
4,0.124635,0.312146,-0.143058,-1.35859,1.61556,1.58102,-0.113078
4,0.126023,0.312112,-0.14247,-1.35802,1.61557,1.57904,-0.1125
4,0.127411,0.312083,-0.141883,-1.35744,1.61558,1.57706,-0.111921
4,0.128798,0.312059,-0.141297,-1.35686,1.61559,1.57507,-0.111341
4,0.130186,0.312041,-0.140711,-1.35627,1.61559,1.57309,-0.11076
4,0.131573,0.312027,-0.140125,-1.35567,1.6156,1.57111,-0.110178
4,0.13296,0.312018,-0.139539,-1.35507,1.6156,1.56914,-0.109594
4,0.134346,0.312014,-0.138954,-1.35446,1.6156,1.56716,-0.109009
4,0.135732,0.312014,-0.138369,-1.35384,1.6156,1.56518,-0.108424
4,0.137118,0.31202,-0.137785,-1.35322,1.6156,1.5632,-0.107837
4,0.138504,0.312031,-0.137202,-1.35259,1.6156,1.56122,-0.107248
4,0.13989,0.312047,-0.136618,-1.35196,1.61559,1.55925,-0.106659
4,0.141275,0.312068,-0.136035,-1.35131,1.61559,1.55727,-0.106069
4,0.14266,0.312094,-0.135453,-1.35067,1.61558,1.55529,-0.105477
4,0.144044,0.312125,-0.134871,-1.35001,1.61557,1.55332,-0.104884
4,0.145429,0.312161,-0.13429,-1.34935,1.61556,1.55134,-0.10429
4,0.146813,0.312202,-0.133709,-1.34869,1.61554,1.54937,-0.103695
4,0.148197,0.312248,-0.133129,-1.34801,1.61553,1.5474,-0.103098
4,0.14958,0.312299,-0.132549,-1.34733,1.61551,1.54542,-0.1025
5,0.14958,0.312299,-0.132549,-1.34733,1.61551,1.54542,-0.1025
5,0.14958,0.312299,-0.132549,-1.34733,1.61551,1.54542,-0.1025
5,0.149245,0.314806,-0.132576,-1.34407,1.61579,1.54568,-0.101726
6,0.149245,0.314806,-0.132576,-1.34407,1.61579,1.54568,-0.101726
6,0.148103,0.314851,-0.13304,-1.34554,1.61584,1.54733,-0.103209
6,0.146961,0.314904,-0.133506,-1.34699,1.61588,1.54899,-0.104691
6,0.145819,0.314962,-0.133973,-1.34844,1.61592,1.55065,-0.106171
6,0.144677,0.315027,-0.134441,-1.34988,1.61596,1.55231,-0.107649
6,0.143536,0.315096,-0.13491,-1.35131,1.61599,1.55397,-0.109126
6,0.142394,0.315171,-0.135379,-1.35274,1.61602,1.55563,-0.110602
6,0.141253,0.315252,-0.135849,-1.35416,1.61605,1.55729,-0.112077
6,0.140111,0.315338,-0.13632,-1.35558,1.61607,1.55895,-0.11355
6,0.13897,0.315429,-0.136792,-1.35698,1.61608,1.56061,-0.115022
6,0.137829,0.315526,-0.137265,-1.35838,1.6161,1.56227,-0.116492
6,0.136688,0.315629,-0.137738,-1.35977,1.61611,1.56393,-0.117962
6,0.135546,0.315737,-0.138212,-1.36116,1.61611,1.5656,-0.11943
6,0.134405,0.31585,-0.138687,-1.36254,1.61611,1.56726,-0.120897
6,0.133264,0.315969,-0.139163,-1.36391,1.61611,1.56892,-0.122362
6,0.132124,0.316094,-0.139639,-1.36528,1.61611,1.57059,-0.123827
6,0.130983,0.316223,-0.140116,-1.36664,1.6161,1.57225,-0.12529
6,0.129842,0.316359,-0.140594,-1.36799,1.61608,1.57392,-0.126752
6,0.128701,0.316499,-0.141073,-1.36934,1.61607,1.57558,-0.128213
6,0.12756,0.316645,-0.141552,-1.37068,1.61605,1.57725,-0.129673
6,0.12642,0.316797,-0.142032,-1.37201,1.61602,1.57892,-0.131131
6,0.125279,0.316954,-0.142512,-1.37333,1.61599,1.58058,-0.132589
6,0.124138,0.317116,-0.142994,-1.37465,1.61596,1.58225,-0.134045
6,0.122998,0.317284,-0.143476,-1.37596,1.61593,1.58392,-0.135501
6,0.121857,0.317457,-0.143958,-1.37727,1.61589,1.58558,-0.136955
6,0.120716,0.317636,-0.144441,-1.37857,1.61584,1.58725,-0.138408
6,0.119576,0.317819,-0.144925,-1.37986,1.6158,1.58892,-0.13986
6,0.118435,0.318009,-0.14541,-1.38115,1.61575,1.59059,-0.141312
6,0.117295,0.318204,-0.145895,-1.38242,1.61569,1.59225,-0.142762
6,0.116154,0.318404,-0.146381,-1.3837,1.61563,1.59392,-0.144211
6,0.115014,0.318609,-0.146867,-1.38496,1.61557,1.59559,-0.145659
6,0.113874,0.31882,-0.147354,-1.38622,1.61551,1.59726,-0.147106
6,0.112733,0.319036,-0.147841,-1.38747,1.61544,1.59893,-0.148552
6,0.111593,0.319258,-0.148329,-1.38872,1.61537,1.6006,-0.149997
6,0.110452,0.319485,-0.148817,-1.38996,1.61529,1.60227,-0.151441
6,0.109312,0.319717,-0.149307,-1.39119,1.61521,1.60394,-0.152885
6,0.108171,0.319955,-0.149796,-1.39242,1.61513,1.60561,-0.154327
6,0.107031,0.320198,-0.150286,-1.39364,1.61504,1.60728,-0.155769
6,0.10589,0.320446,-0.150777,-1.39485,1.61495,1.60895,-0.157209
6,0.10475,0.3207,-0.151268,-1.39605,1.61486,1.61062,-0.158649
6,0.103609,0.320959,-0.15176,-1.39725,1.61476,1.61229,-0.160088
6,0.102469,0.321223,-0.152252,-1.39845,1.61466,1.61396,-0.161526
6,0.101328,0.321493,-0.152744,-1.39963,1.61455,1.61562,-0.162963
6,0.100188,0.321768,-0.153237,-1.40081,1.61445,1.61729,-0.164399
6,0.099047,0.322048,-0.153731,-1.40199,1.61433,1.61896,-0.165834
6,0.0979064,0.322333,-0.154225,-1.40315,1.61422,1.62063,-0.167269
6,0.0967657,0.322624,-0.154719,-1.40431,1.6141,1.6223,-0.168703
6,0.095625,0.32292,-0.155214,-1.40547,1.61398,1.62397,-0.170136
6,0.0944843,0.323222,-0.155709,-1.40661,1.61385,1.62564,-0.171568
6,0.0933436,0.323529,-0.156205,-1.40775,1.61372,1.62731,-0.173
6,0.0922028,0.323841,-0.156701,-1.40889,1.61359,1.62898,-0.17443
6,0.0910619,0.324158,-0.157198,-1.41001,1.61346,1.63065,-0.17586
6,0.0899211,0.32448,-0.157695,-1.41113,1.61332,1.63232,-0.17729
6,0.0887802,0.324808,-0.158192,-1.41225,1.61317,1.63399,-0.178718
6,0.0876392,0.325141,-0.15869,-1.41336,1.61303,1.63566,-0.180146
6,0.0864982,0.325479,-0.159188,-1.41446,1.61288,1.63733,-0.181573
6,0.0853571,0.325823,-0.159686,-1.41555,1.61272,1.639,-0.182999
6,0.084216,0.326172,-0.160185,-1.41664,1.61257,1.64067,-0.184425
6,0.0830748,0.326526,-0.160684,-1.41772,1.61241,1.64234,-0.18585
6,0.0819336,0.326885,-0.161183,-1.4188,1.61224,1.64401,-0.187275
6,0.0807923,0.32725,-0.161683,-1.41987,1.61208,1.64567,-0.188698
6,0.079651,0.327619,-0.162183,-1.42093,1.61191,1.64734,-0.190121
6,0.0785096,0.327994,-0.162683,-1.42199,1.61173,1.64901,-0.191544
6,0.0773682,0.328374,-0.163184,-1.42304,1.61156,1.65068,-0.192966
6,0.0762266,0.32876,-0.163684,-1.42408,1.61138,1.65235,-0.194387
6,0.0750851,0.32915,-0.164186,-1.42512,1.61119,1.65401,-0.195807
6,0.0739434,0.329546,-0.164687,-1.42615,1.61101,1.65568,-0.197227
6,0.0728017,0.329947,-0.165189,-1.42717,1.61082,1.65735,-0.198647
6,0.0716599,0.330353,-0.165691,-1.42819,1.61062,1.65901,-0.200065
6,0.070518,0.330764,-0.166193,-1.4292,1.61043,1.66068,-0.201484
6,0.0693761,0.331181,-0.166695,-1.4302,1.61023,1.66234,-0.202901
6,0.0682341,0.331603,-0.167198,-1.4312,1.61002,1.66401,-0.204318
6,0.067092,0.332029,-0.167701,-1.43219,1.60982,1.66567,-0.205735
6,0.0659499,0.332461,-0.168204,-1.43318,1.60961,1.66734,-0.207151
6,0.0648076,0.332898,-0.168707,-1.43415,1.6094,1.669,-0.208567
6,0.0636653,0.333341,-0.169211,-1.43513,1.60918,1.67067,-0.209981
6,0.0625229,0.333788,-0.169714,-1.43609,1.60896,1.67233,-0.211396
6,0.0613804,0.334241,-0.170218,-1.43705,1.60874,1.67399,-0.21281
6,0.0602379,0.334698,-0.170722,-1.438,1.60851,1.67565,-0.214223
6,0.0590952,0.335161,-0.171226,-1.43895,1.60828,1.67732,-0.215636
6,0.0579525,0.335629,-0.171731,-1.43989,1.60805,1.67898,-0.217049
6,0.0568097,0.336102,-0.172235,-1.44083,1.60781,1.68064,-0.218461
6,0.0556668,0.33658,-0.17274,-1.44175,1.60758,1.6823,-0.219872
6,0.0545238,0.337064,-0.173245,-1.44267,1.60733,1.68396,-0.221283
6,0.0533807,0.337552,-0.17375,-1.44359,1.60709,1.68562,-0.222694
6,0.0522376,0.338046,-0.174255,-1.4445,1.60684,1.68728,-0.224104
6,0.0510943,0.338544,-0.17476,-1.4454,1.60659,1.68894,-0.225514
6,0.049951,0.339048,-0.175265,-1.44629,1.60634,1.69059,-0.226923
6,0.0488075,0.339556,-0.17577,-1.44718,1.60608,1.69225,-0.228332
6,0.047664,0.34007,-0.176276,-1.44807,1.60582,1.69391,-0.22974
6,0.0465203,0.340589,-0.176781,-1.44894,1.60556,1.69556,-0.231148
6,0.0453766,0.341113,-0.177287,-1.44981,1.60529,1.69722,-0.232556
6,0.0442328,0.341642,-0.177792,-1.45068,1.60502,1.69887,-0.233963
6,0.0430889,0.342176,-0.178298,-1.45153,1.60475,1.70053,-0.23537
6,0.0419448,0.342715,-0.178804,-1.45238,1.60447,1.70218,-0.236777
6,0.0408007,0.343259,-0.179309,-1.45323,1.60419,1.70383,-0.238183
6,0.0396565,0.343808,-0.179815,-1.45407,1.60391,1.70549,-0.239588
6,0.0385122,0.344362,-0.180321,-1.4549,1.60363,1.70714,-0.240994
6,0.0373678,0.344922,-0.180827,-1.45572,1.60334,1.70879,-0.242399
6,0.0362232,0.345486,-0.181333,-1.45654,1.60305,1.71044,-0.243803
6,0.0350786,0.346055,-0.181838,-1.45736,1.60275,1.71209,-0.245207
6,0.0339339,0.346629,-0.182344,-1.45816,1.60246,1.71374,-0.246611
6,0.0327891,0.347208,-0.18285,-1.45896,1.60216,1.71539,-0.248015
6,0.0316442,0.347793,-0.183356,-1.45976,1.60185,1.71703,-0.249418
6,0.0304991,0.348382,-0.183862,-1.46054,1.60155,1.71868,-0.250821
6,0.029354,0.348976,-0.184367,-1.46132,1.60124,1.72033,-0.252223
6,0.0282087,0.349575,-0.184873,-1.4621,1.60093,1.72197,-0.253626
6,0.0270634,0.350179,-0.185379,-1.46287,1.60061,1.72362,-0.255027
6,0.025918,0.350788,-0.185884,-1.46363,1.6003,1.72526,-0.256429
6,0.0247724,0.351402,-0.18639,-1.46438,1.59998,1.7269,-0.25783
6,0.0236267,0.352021,-0.186895,-1.46513,1.59965,1.72854,-0.259231
6,0.022481,0.352645,-0.187401,-1.46588,1.59933,1.73019,-0.260632
6,0.0213351,0.353274,-0.187906,-1.46661,1.599,1.73183,-0.262032
6,0.0201891,0.353908,-0.188411,-1.46734,1.59867,1.73346,-0.263432
6,0.019043,0.354546,-0.188916,-1.46807,1.59833,1.7351,-0.264832
6,0.0178969,0.35519,-0.189421,-1.46879,1.598,1.73674,-0.266232
6,0.0167506,0.355838,-0.189926,-1.4695,1.59766,1.73838,-0.267631
6,0.0156041,0.356492,-0.190431,-1.4702,1.59731,1.74001,-0.26903
6,0.0144576,0.35715,-0.190936,-1.4709,1.59697,1.74165,-0.270429
6,0.013311,0.357813,-0.19144,-1.47159,1.59662,1.74328,-0.271827
6,0.0121643,0.358481,-0.191944,-1.47228,1.59627,1.74491,-0.273225
6,0.0110175,0.359154,-0.192449,-1.47296,1.59591,1.74655,-0.274623
6,0.00987052,0.359832,-0.192953,-1.47363,1.59556,1.74818,-0.276021
6,0.00872347,0.360514,-0.193457,-1.4743,1.5952,1.74981,-0.277418
6,0.00757631,0.361202,-0.19396,-1.47496,1.59483,1.75144,-0.278815
6,0.00642905,0.361894,-0.194464,-1.47562,1.59447,1.75306,-0.280212
6,0.00528168,0.362592,-0.194967,-1.47627,1.5941,1.75469,-0.281609
6,0.0041342,0.363294,-0.19547,-1.47691,1.59373,1.75632,-0.283005
6,0.00298661,0.364,-0.195973,-1.47754,1.59336,1.75794,-0.284401
6,0.00183892,0.364712,-0.196476,-1.47817,1.59298,1.75957,-0.285797
6,0.000691122,0.365429,-0.196979,-1.4788,1.5926,1.76119,-0.287193
6,-0.000456783,0.36615,-0.197481,-1.47941,1.59222,1.76281,-0.288588
6,-0.0016048,0.366876,-0.197983,-1.48002,1.59184,1.76443,-0.289983
6,-0.00275291,0.367607,-0.198485,-1.48063,1.59145,1.76605,-0.291378
6,-0.00390114,0.368343,-0.198987,-1.48123,1.59106,1.76767,-0.292773
6,-0.00504947,0.369083,-0.199488,-1.48182,1.59067,1.76928,-0.294168
6,-0.0061979,0.369828,-0.199989,-1.4824,1.59028,1.7709,-0.295562
6,-0.00734644,0.370578,-0.20049,-1.48298,1.58988,1.77252,-0.296956
6,-0.00849509,0.371333,-0.200991,-1.48356,1.58948,1.77413,-0.29835
6,-0.00964384,0.372093,-0.201491,-1.48412,1.58908,1.77574,-0.299743
6,-0.0107927,0.372857,-0.201991,-1.48468,1.58867,1.77735,-0.301137
6,-0.0119416,0.373626,-0.202491,-1.48524,1.58827,1.77896,-0.30253
6,-0.0130907,0.374399,-0.202991,-1.48578,1.58786,1.78057,-0.303923
6,-0.0142399,0.375178,-0.20349,-1.48633,1.58744,1.78218,-0.305315
6,-0.0153891,0.375961,-0.203989,-1.48686,1.58703,1.78379,-0.306708
6,-0.0165385,0.376749,-0.204487,-1.48739,1.58661,1.78539,-0.3081
6,-0.017688,0.377541,-0.204986,-1.48791,1.58619,1.787,-0.309492
6,-0.0188376,0.378339,-0.205484,-1.48843,1.58577,1.7886,-0.310884
6,-0.0199872,0.37914,-0.205981,-1.48894,1.58534,1.7902,-0.312276
6,-0.021137,0.379947,-0.206479,-1.48944,1.58492,1.7918,-0.313667
6,-0.0222869,0.380758,-0.206976,-1.48994,1.58449,1.7934,-0.315058
6,-0.0234368,0.381574,-0.207472,-1.49043,1.58405,1.795,-0.316449
6,-0.0245869,0.382395,-0.207969,-1.49092,1.58362,1.79659,-0.31784
6,-0.0257371,0.38322,-0.208465,-1.4914,1.58318,1.79819,-0.319231
6,-0.0268874,0.38405,-0.20896,-1.49187,1.58274,1.79978,-0.320621
6,-0.0280377,0.384884,-0.209455,-1.49234,1.5823,1.80137,-0.322011
6,-0.0291882,0.385723,-0.20995,-1.4928,1.58186,1.80297,-0.323401
6,-0.0303387,0.386567,-0.210445,-1.49325,1.58141,1.80455,-0.324791
6,-0.0314894,0.387415,-0.210939,-1.4937,1.58096,1.80614,-0.32618
6,-0.0326401,0.388268,-0.211432,-1.49414,1.58051,1.80773,-0.32757
6,-0.033791,0.389126,-0.211926,-1.49457,1.58006,1.80932,-0.328959
6,-0.0349419,0.389988,-0.212418,-1.495,1.5796,1.8109,-0.330347
6,-0.0360929,0.390855,-0.212911,-1.49542,1.57914,1.81248,-0.331736
6,-0.0372441,0.391726,-0.213403,-1.49584,1.57868,1.81406,-0.333124
6,-0.0383953,0.392602,-0.213895,-1.49625,1.57822,1.81564,-0.334513
6,-0.0395466,0.393482,-0.214386,-1.49665,1.57775,1.81722,-0.3359
6,-0.040698,0.394367,-0.214876,-1.49705,1.57729,1.8188,-0.337288
6,-0.0418495,0.395256,-0.215367,-1.49744,1.57682,1.82037,-0.338676
6,-0.043001,0.39615,-0.215857,-1.49783,1.57634,1.82195,-0.340063
6,-0.0441527,0.397048,-0.216346,-1.49821,1.57587,1.82352,-0.34145
6,-0.0453044,0.397951,-0.216835,-1.49858,1.57539,1.82509,-0.342837
6,-0.0464563,0.398859,-0.217323,-1.49894,1.57492,1.82666,-0.344223
6,-0.0476082,0.399771,-0.217811,-1.4993,1.57443,1.82823,-0.345609
6,-0.0487602,0.400687,-0.218299,-1.49966,1.57395,1.82979,-0.346995
6,-0.0499123,0.401608,-0.218786,-1.50001,1.57347,1.83136,-0.348381
6,-0.0510644,0.402533,-0.219272,-1.50035,1.57298,1.83292,-0.349767
6,-0.0522167,0.403463,-0.219758,-1.50068,1.57249,1.83448,-0.351152
6,-0.053369,0.404397,-0.220244,-1.50101,1.572,1.83604,-0.352537
6,-0.0545214,0.405336,-0.220729,-1.50133,1.5715,1.8376,-0.353922
6,-0.0556739,0.406279,-0.221213,-1.50165,1.57101,1.83916,-0.355307
6,-0.0568265,0.407227,-0.221697,-1.50196,1.57051,1.84071,-0.356691
6,-0.0579791,0.408179,-0.222181,-1.50226,1.57001,1.84227,-0.358075
6,-0.0591319,0.409135,-0.222664,-1.50256,1.56951,1.84382,-0.359459
6,-0.0602847,0.410096,-0.223146,-1.50285,1.569,1.84537,-0.360842
6,-0.0614375,0.411061,-0.223628,-1.50313,1.5685,1.84692,-0.362225
6,-0.0625905,0.41203,-0.224109,-1.50341,1.56799,1.84846,-0.363608
6,-0.0637435,0.413004,-0.22459,-1.50369,1.56748,1.85001,-0.364991
6,-0.0648966,0.413982,-0.22507,-1.50395,1.56697,1.85155,-0.366373
6,-0.0660498,0.414965,-0.22555,-1.50421,1.56645,1.85309,-0.367755
6,-0.067203,0.415952,-0.226029,-1.50447,1.56594,1.85463,-0.369137
6,-0.0683564,0.416943,-0.226508,-1.50471,1.56542,1.85617,-0.370518
6,-0.0695097,0.417939,-0.226986,-1.50495,1.5649,1.85771,-0.3719
6,-0.0706632,0.418939,-0.227463,-1.50519,1.56438,1.85924,-0.37328
6,-0.0718167,0.419943,-0.22794,-1.50542,1.56385,1.86078,-0.374661
6,-0.0729703,0.420951,-0.228416,-1.50564,1.56333,1.86231,-0.376041
6,-0.0741239,0.421964,-0.228892,-1.50586,1.5628,1.86384,-0.377421
6,-0.0752777,0.422981,-0.229367,-1.50607,1.56227,1.86537,-0.378801
6,-0.0764314,0.424003,-0.229841,-1.50627,1.56174,1.86689,-0.38018
6,-0.0775853,0.425028,-0.230315,-1.50647,1.5612,1.86842,-0.381559
7,-0.0775853,0.425028,-0.230315,-1.50647,1.5612,1.86842,-0.381559
7,-0.0775853,0.425028,-0.230315,-1.50647,1.5612,1.86842,-0.381559
7,-0.0776393,0.426319,-0.230156,-1.50462,1.56165,1.8683,-0.38095
8,-0.0776393,0.426319,-0.230156,-1.50462,1.56165,1.8683,-0.38095
8,-0.0786417,0.427384,-0.23058,-1.50506,1.56109,1.86963,-0.382599
8,-0.0796439,0.428455,-0.231005,-1.50548,1.56053,1.87095,-0.384248
8,-0.0806462,0.42953,-0.231428,-1.5059,1.55997,1.87228,-0.385897
8,-0.0816486,0.43061,-0.231851,-1.50631,1.55941,1.87361,-0.387545
8,-0.0826511,0.431694,-0.232274,-1.50672,1.55884,1.87493,-0.389193
8,-0.0836536,0.432783,-0.232696,-1.50712,1.55828,1.87625,-0.390841
8,-0.0846562,0.433876,-0.233118,-1.50751,1.55771,1.87757,-0.392488
8,-0.0856588,0.434973,-0.233539,-1.5079,1.55714,1.87888,-0.394135
8,-0.0866615,0.436074,-0.23396,-1.50828,1.55656,1.8802,-0.395781
8,-0.0876643,0.43718,-0.23438,-1.50865,1.55599,1.88151,-0.397428
8,-0.0886672,0.43829,-0.2348,-1.50902,1.55541,1.88283,-0.399073
8,-0.0896701,0.439405,-0.235219,-1.50938,1.55483,1.88414,-0.400719
8,-0.0906731,0.440523,-0.235638,-1.50974,1.55425,1.88544,-0.402364
8,-0.0916761,0.441646,-0.236056,-1.51009,1.55367,1.88675,-0.404008
8,-0.0926792,0.442773,-0.236474,-1.51043,1.55308,1.88805,-0.405653
8,-0.0936824,0.443905,-0.236891,-1.51077,1.5525,1.88936,-0.407296
8,-0.0946857,0.44504,-0.237308,-1.5111,1.55191,1.89066,-0.40894
8,-0.095689,0.44618,-0.237724,-1.51142,1.55132,1.89195,-0.410583
8,-0.0966923,0.447324,-0.23814,-1.51174,1.55072,1.89325,-0.412225
8,-0.0976958,0.448473,-0.238555,-1.51205,1.55013,1.89455,-0.413867
8,-0.0986993,0.449625,-0.238969,-1.51236,1.54953,1.89584,-0.415509
8,-0.0997028,0.450782,-0.239383,-1.51266,1.54894,1.89713,-0.41715
8,-0.100706,0.451943,-0.239797,-1.51295,1.54834,1.89842,-0.418791
8,-0.10171,0.453108,-0.24021,-1.51324,1.54773,1.89971,-0.420431
8,-0.102714,0.454277,-0.240622,-1.51352,1.54713,1.90099,-0.42207
8,-0.103718,0.45545,-0.241034,-1.51379,1.54652,1.90227,-0.42371
8,-0.104722,0.456627,-0.241445,-1.51406,1.54592,1.90355,-0.425348
8,-0.105725,0.457809,-0.241855,-1.51432,1.54531,1.90483,-0.426987
8,-0.106729,0.458995,-0.242265,-1.51458,1.5447,1.90611,-0.428624
8,-0.107734,0.460185,-0.242675,-1.51483,1.54408,1.90739,-0.430261
8,-0.108738,0.461378,-0.243084,-1.51507,1.54347,1.90866,-0.431898
8,-0.109742,0.462576,-0.243492,-1.51531,1.54285,1.90993,-0.433534
8,-0.110746,0.463778,-0.2439,-1.51554,1.54223,1.9112,-0.43517
8,-0.11175,0.464985,-0.244307,-1.51576,1.54161,1.91247,-0.436805
8,-0.112755,0.466195,-0.244713,-1.51598,1.54099,1.91373,-0.438439
8,-0.113759,0.467409,-0.245119,-1.51619,1.54037,1.91499,-0.440073
8,-0.114763,0.468627,-0.245524,-1.5164,1.53975,1.91625,-0.441706
8,-0.115768,0.469849,-0.245929,-1.5166,1.53912,1.91751,-0.443339
8,-0.116772,0.471076,-0.246333,-1.51679,1.53849,1.91877,-0.444971
8,-0.117777,0.472306,-0.246736,-1.51698,1.53786,1.92002,-0.446603
8,-0.118782,0.47354,-0.247139,-1.51716,1.53723,1.92128,-0.448233
8,-0.119786,0.474778,-0.247541,-1.51734,1.5366,1.92253,-0.449864
8,-0.120791,0.476021,-0.247942,-1.5175,1.53596,1.92378,-0.451493
8,-0.121796,0.477267,-0.248343,-1.51767,1.53533,1.92502,-0.453122
8,-0.122801,0.478517,-0.248743,-1.51782,1.53469,1.92627,-0.45475
8,-0.123806,0.479771,-0.249143,-1.51797,1.53405,1.92751,-0.456378
8,-0.124811,0.481029,-0.249542,-1.51811,1.53341,1.92875,-0.458005
8,-0.125816,0.482291,-0.24994,-1.51825,1.53277,1.92999,-0.459631
8,-0.126821,0.483557,-0.250337,-1.51838,1.53213,1.93122,-0.461257
8,-0.127826,0.484827,-0.250734,-1.51851,1.53148,1.93246,-0.462882
8,-0.128831,0.4861,-0.25113,-1.51863,1.53083,1.93369,-0.464506
8,-0.129836,0.487378,-0.251526,-1.51874,1.53019,1.93492,-0.466129
8,-0.130842,0.488659,-0.251921,-1.51884,1.52954,1.93614,-0.467752
8,-0.131847,0.489944,-0.252315,-1.51894,1.52889,1.93737,-0.469374
8,-0.132852,0.491233,-0.252708,-1.51904,1.52823,1.93859,-0.470995
8,-0.133858,0.492526,-0.253101,-1.51913,1.52758,1.93981,-0.472615
8,-0.134863,0.493823,-0.253493,-1.51921,1.52693,1.94103,-0.474235
8,-0.135869,0.495124,-0.253885,-1.51928,1.52627,1.94225,-0.475853
8,-0.136874,0.496428,-0.254275,-1.51935,1.52561,1.94346,-0.477471
8,-0.13788,0.497736,-0.254665,-1.51941,1.52495,1.94467,-0.479088
8,-0.138886,0.499048,-0.255055,-1.51947,1.52429,1.94588,-0.480705
8,-0.139891,0.500364,-0.255443,-1.51952,1.52363,1.94709,-0.48232
8,-0.140897,0.501683,-0.255831,-1.51956,1.52297,1.9483,-0.483935
8,-0.141903,0.503006,-0.256218,-1.5196,1.5223,1.9495,-0.485548
8,-0.142909,0.504333,-0.256604,-1.51963,1.52164,1.9507,-0.487161
8,-0.143915,0.505664,-0.25699,-1.51966,1.52097,1.9519,-0.488773
8,-0.144921,0.506998,-0.257375,-1.51967,1.52031,1.95309,-0.490384
8,-0.145927,0.508336,-0.257759,-1.51969,1.51964,1.95429,-0.491995
8,-0.146933,0.509678,-0.258143,-1.51969,1.51897,1.95548,-0.493604
8,-0.147939,0.511023,-0.258525,-1.51969,1.51829,1.95667,-0.495212
8,-0.148945,0.512372,-0.258907,-1.51969,1.51762,1.95786,-0.496819
8,-0.149951,0.513725,-0.259289,-1.51967,1.51695,1.95904,-0.498426
8,-0.150957,0.515082,-0.259669,-1.51966,1.51627,1.96022,-0.500031
8,-0.151963,0.516442,-0.260049,-1.51963,1.5156,1.96141,-0.501635
8,-0.15297,0.517805,-0.260428,-1.5196,1.51492,1.96258,-0.503239
8,-0.153976,0.519173,-0.260806,-1.51956,1.51424,1.96376,-0.504841
8,-0.154982,0.520543,-0.261183,-1.51952,1.51356,1.96493,-0.506443
8,-0.155989,0.521918,-0.26156,-1.51947,1.51288,1.9661,-0.508043
8,-0.156995,0.523296,-0.261936,-1.51941,1.5122,1.96727,-0.509642
8,-0.158002,0.524678,-0.262311,-1.51935,1.51152,1.96844,-0.51124
8,-0.159008,0.526063,-0.262685,-1.51928,1.51084,1.9696,-0.512837
8,-0.160015,0.527452,-0.263059,-1.51921,1.51015,1.97077,-0.514433
8,-0.161022,0.528844,-0.263432,-1.51913,1.50947,1.97193,-0.516028
8,-0.162028,0.53024,-0.263804,-1.51904,1.50878,1.97308,-0.517622
8,-0.163035,0.531639,-0.264175,-1.51894,1.5081,1.97424,-0.519215
8,-0.164042,0.533042,-0.264545,-1.51884,1.50741,1.97539,-0.520806
8,-0.165049,0.534448,-0.264915,-1.51874,1.50672,1.97654,-0.522397
8,-0.166056,0.535858,-0.265283,-1.51863,1.50603,1.97769,-0.523986
8,-0.167063,0.537271,-0.265651,-1.51851,1.50534,1.97884,-0.525574
8,-0.168069,0.538688,-0.266018,-1.51838,1.50465,1.97998,-0.52716
8,-0.169076,0.540108,-0.266385,-1.51825,1.50395,1.98112,-0.528746
8,-0.170083,0.541532,-0.26675,-1.51811,1.50326,1.98226,-0.53033
8,-0.171091,0.542959,-0.267115,-1.51797,1.50257,1.9834,-0.531913
8,-0.172098,0.544389,-0.267479,-1.51782,1.50187,1.98453,-0.533495
8,-0.173105,0.545823,-0.267842,-1.51767,1.50118,1.98566,-0.535076
8,-0.174112,0.54726,-0.268204,-1.5175,1.50048,1.98679,-0.536655
8,-0.175119,0.548701,-0.268565,-1.51733,1.49978,1.98792,-0.538233
8,-0.176127,0.550145,-0.268926,-1.51716,1.49909,1.98904,-0.539809
8,-0.177134,0.551592,-0.269286,-1.51698,1.49839,1.99016,-0.541385
8,-0.178141,0.553043,-0.269644,-1.51679,1.49769,1.99128,-0.542958
8,-0.179149,0.554497,-0.270002,-1.5166,1.49699,1.9924,-0.544531
8,-0.180156,0.555955,-0.27036,-1.5164,1.49629,1.99352,-0.546102
8,-0.181164,0.557415,-0.270716,-1.51619,1.49559,1.99463,-0.547672
8,-0.182171,0.558879,-0.271071,-1.51598,1.49488,1.99574,-0.54924
8,-0.183179,0.560347,-0.271426,-1.51576,1.49418,1.99685,-0.550807
8,-0.184186,0.561817,-0.27178,-1.51554,1.49348,1.99795,-0.552372
8,-0.185194,0.563291,-0.272133,-1.51531,1.49278,1.99906,-0.553936
8,-0.186202,0.564768,-0.272485,-1.51507,1.49207,2.00016,-0.555499
8,-0.18721,0.566248,-0.272836,-1.51483,1.49137,2.00126,-0.55706
8,-0.188217,0.567732,-0.273186,-1.51458,1.49066,2.00235,-0.558619
8,-0.189225,0.569219,-0.273535,-1.51432,1.48996,2.00344,-0.560177
8,-0.190233,0.570709,-0.273884,-1.51406,1.48925,2.00454,-0.561734
8,-0.191241,0.572202,-0.274231,-1.51379,1.48854,2.00562,-0.563289
8,-0.192249,0.573698,-0.274578,-1.51352,1.48784,2.00671,-0.564842
8,-0.193257,0.575198,-0.274924,-1.51324,1.48713,2.00779,-0.566394
8,-0.194265,0.576701,-0.275269,-1.51295,1.48642,2.00888,-0.567944
8,-0.195273,0.578207,-0.275613,-1.51266,1.48571,2.00995,-0.569492
8,-0.196282,0.579716,-0.275956,-1.51236,1.485,2.01103,-0.571039
8,-0.19729,0.581228,-0.276298,-1.51205,1.48429,2.0121,-0.572584
8,-0.198298,0.582743,-0.27664,-1.51174,1.48358,2.01318,-0.574128
8,-0.199306,0.584262,-0.27698,-1.51142,1.48287,2.01425,-0.57567
8,-0.200315,0.585783,-0.27732,-1.5111,1.48216,2.01531,-0.57721
8,-0.201323,0.587308,-0.277658,-1.51077,1.48145,2.01638,-0.578748
8,-0.202332,0.588835,-0.277996,-1.51043,1.48074,2.01744,-0.580285
8,-0.20334,0.590366,-0.278333,-1.51009,1.48003,2.0185,-0.58182
8,-0.204349,0.5919,-0.278669,-1.50974,1.47932,2.01956,-0.583353
8,-0.205357,0.593437,-0.279004,-1.50938,1.47861,2.02061,-0.584885
8,-0.206366,0.594977,-0.279338,-1.50902,1.47789,2.02166,-0.586414
8,-0.207375,0.59652,-0.279671,-1.50865,1.47718,2.02271,-0.587942
8,-0.208384,0.598066,-0.280003,-1.50828,1.47647,2.02376,-0.589468
8,-0.209392,0.599615,-0.280335,-1.50789,1.47576,2.0248,-0.590992
8,-0.210401,0.601166,-0.280665,-1.50751,1.47504,2.02585,-0.592514
8,-0.21141,0.602721,-0.280994,-1.50711,1.47433,2.02689,-0.594034
8,-0.212419,0.604279,-0.281323,-1.50672,1.47362,2.02792,-0.595553
8,-0.213428,0.60584,-0.281651,-1.50631,1.4729,2.02896,-0.597069
8,-0.214437,0.607404,-0.281977,-1.5059,1.47219,2.02999,-0.598584
8,-0.215446,0.608971,-0.282303,-1.50548,1.47148,2.03102,-0.600096
8,-0.216455,0.61054,-0.282628,-1.50505,1.47076,2.03205,-0.601607
8,-0.217465,0.612113,-0.282951,-1.50462,1.47005,2.03307,-0.603115
8,-0.218474,0.613688,-0.283274,-1.50419,1.46934,2.0341,-0.604622
8,-0.219483,0.615267,-0.283596,-1.50374,1.46862,2.03512,-0.606126
8,-0.220493,0.616848,-0.283917,-1.50329,1.46791,2.03614,-0.607629
8,-0.221502,0.618432,-0.284237,-1.50284,1.4672,2.03715,-0.609129
8,-0.222512,0.620019,-0.284556,-1.50238,1.46648,2.03816,-0.610627
8,-0.223521,0.621609,-0.284874,-1.50191,1.46577,2.03917,-0.612124
8,-0.224531,0.623201,-0.285191,-1.50143,1.46506,2.04018,-0.613618
8,-0.225541,0.624797,-0.285507,-1.50095,1.46434,2.04119,-0.61511
8,-0.22655,0.626395,-0.285822,-1.50047,1.46363,2.04219,-0.616599
8,-0.22756,0.627996,-0.286137,-1.49997,1.46292,2.04319,-0.618087
8,-0.22857,0.6296,-0.28645,-1.49947,1.4622,2.04419,-0.619572
8,-0.22958,0.631207,-0.286762,-1.49897,1.46149,2.04519,-0.621056
8,-0.23059,0.632816,-0.287073,-1.49846,1.46078,2.04618,-0.622537
8,-0.2316,0.634428,-0.287384,-1.49794,1.46007,2.04717,-0.624015
8,-0.23261,0.636043,-0.287693,-1.49741,1.45935,2.04816,-0.625492
8,-0.23362,0.637661,-0.288001,-1.49688,1.45864,2.04915,-0.626966
8,-0.234631,0.639281,-0.288309,-1.49634,1.45793,2.05013,-0.628438
8,-0.235641,0.640905,-0.288615,-1.4958,1.45722,2.05111,-0.629907
8,-0.236651,0.64253,-0.288921,-1.49525,1.45651,2.05209,-0.631374
8,-0.237662,0.644159,-0.289225,-1.4947,1.4558,2.05307,-0.632839
9,-0.237662,0.644159,-0.289225,-1.4947,1.4558,2.05307,-0.632839
9,-0.237662,0.644159,-0.289225,-1.4947,1.4558,2.05307,-0.632839
9,-0.237654,0.645823,-0.288758,-1.49181,1.45694,2.05271,-0.631325
9,-0.237649,0.647489,-0.288291,-1.48892,1.45808,2.05235,-0.629808
9,-0.237646,0.649157,-0.287824,-1.48602,1.45922,2.05199,-0.628287
10,-0.237646,0.649157,-0.287824,-1.48602,1.45922,2.05199,-0.628287
10,-0.236261,0.648809,-0.287507,-1.4877,1.45931,2.0504,-0.629342
10,-0.234878,0.648466,-0.287186,-1.48937,1.45941,2.04881,-0.630392
10,-0.233495,0.648128,-0.286863,-1.49103,1.45952,2.04722,-0.631439
10,-0.232113,0.647794,-0.286537,-1.49268,1.45963,2.04563,-0.632483
10,-0.230732,0.647464,-0.286209,-1.49433,1.45975,2.04404,-0.633524
10,-0.229353,0.647138,-0.285879,-1.49597,1.45988,2.04245,-0.634562
10,-0.227974,0.646816,-0.285546,-1.49761,1.46,2.04085,-0.635598
10,-0.226595,0.646498,-0.285211,-1.49924,1.46014,2.03926,-0.63663
10,-0.225218,0.646185,-0.284874,-1.50086,1.46028,2.03767,-0.63766
10,-0.223842,0.645876,-0.284534,-1.50248,1.46043,2.03607,-0.638687
10,-0.222467,0.64557,-0.284192,-1.50409,1.46058,2.03448,-0.639711
10,-0.221092,0.645269,-0.283848,-1.5057,1.46073,2.03288,-0.640732
10,-0.219718,0.644973,-0.283501,-1.50729,1.4609,2.03128,-0.641751
10,-0.218346,0.64468,-0.283152,-1.50889,1.46106,2.02969,-0.642766
10,-0.216974,0.644391,-0.282801,-1.51047,1.46124,2.02809,-0.643779
10,-0.215603,0.644107,-0.282447,-1.51205,1.46142,2.02649,-0.64479
10,-0.214232,0.643827,-0.282092,-1.51362,1.4616,2.02489,-0.645798
10,-0.212863,0.64355,-0.281734,-1.51519,1.46179,2.02329,-0.646803
10,-0.211494,0.643278,-0.281374,-1.51675,1.46198,2.02169,-0.647805
10,-0.210127,0.643011,-0.281011,-1.5183,1.46218,2.02009,-0.648805
10,-0.20876,0.642747,-0.280647,-1.51985,1.46239,2.01849,-0.649802
10,-0.207394,0.642487,-0.28028,-1.52139,1.4626,2.01689,-0.650797
10,-0.206029,0.642232,-0.279911,-1.52292,1.46282,2.01529,-0.651789
10,-0.204664,0.641981,-0.279539,-1.52445,1.46304,2.01369,-0.652779
10,-0.203301,0.641733,-0.279166,-1.52598,1.46326,2.01209,-0.653766
10,-0.201938,0.64149,-0.27879,-1.52749,1.4635,2.01048,-0.654751
10,-0.200576,0.641251,-0.278412,-1.529,1.46373,2.00888,-0.655733
10,-0.199215,0.641017,-0.278032,-1.5305,1.46398,2.00728,-0.656713
10,-0.197854,0.640786,-0.27765,-1.532,1.46422,2.00568,-0.65769
10,-0.196495,0.640559,-0.277266,-1.53349,1.46448,2.00407,-0.658665
10,-0.195136,0.640337,-0.276879,-1.53497,1.46473,2.00247,-0.659638
10,-0.193778,0.640119,-0.276491,-1.53645,1.465,2.00086,-0.660609
10,-0.192421,0.639905,-0.2761,-1.53792,1.46527,1.99926,-0.661577
10,-0.191064,0.639695,-0.275707,-1.53939,1.46554,1.99765,-0.662542
10,-0.189708,0.639489,-0.275312,-1.54085,1.46582,1.99605,-0.663506
10,-0.188353,0.639287,-0.274915,-1.5423,1.4661,1.99444,-0.664467
10,-0.186999,0.639089,-0.274516,-1.54375,1.46639,1.99284,-0.665426
10,-0.185646,0.638896,-0.274115,-1.54519,1.46668,1.99123,-0.666383
10,-0.184293,0.638706,-0.273711,-1.54662,1.46698,1.98963,-0.667337
10,-0.182941,0.638521,-0.273306,-1.54805,1.46729,1.98802,-0.668289
10,-0.18159,0.63834,-0.272898,-1.54947,1.4676,1.98641,-0.669239
10,-0.18024,0.638163,-0.272489,-1.55089,1.46791,1.98481,-0.670187
10,-0.17889,0.63799,-0.272077,-1.5523,1.46823,1.9832,-0.671133
10,-0.177541,0.637821,-0.271663,-1.5537,1.46855,1.98159,-0.672077
10,-0.176193,0.637656,-0.271247,-1.5551,1.46888,1.97999,-0.673019
10,-0.174845,0.637496,-0.27083,-1.55649,1.46922,1.97838,-0.673958
10,-0.173499,0.637339,-0.27041,-1.55787,1.46956,1.97677,-0.674896
10,-0.172153,0.637187,-0.269988,-1.55925,1.4699,1.97516,-0.675831
10,-0.170807,0.637039,-0.269564,-1.56062,1.47025,1.97356,-0.676764
10,-0.169463,0.636895,-0.269138,-1.56199,1.4706,1.97195,-0.677696
10,-0.168119,0.636755,-0.268711,-1.56335,1.47096,1.97034,-0.678625
10,-0.166776,0.636619,-0.268281,-1.5647,1.47133,1.96873,-0.679553
10,-0.165433,0.636487,-0.267849,-1.56605,1.47169,1.96713,-0.680478
10,-0.164091,0.636359,-0.267415,-1.56739,1.47207,1.96552,-0.681402
10,-0.16275,0.636236,-0.266979,-1.56872,1.47245,1.96391,-0.682323
10,-0.16141,0.636116,-0.266542,-1.57005,1.47283,1.9623,-0.683243
10,-0.16007,0.636001,-0.266102,-1.57137,1.47322,1.96069,-0.684161
10,-0.158731,0.63589,-0.26566,-1.57269,1.47361,1.95909,-0.685077
10,-0.157393,0.635783,-0.265217,-1.574,1.47401,1.95748,-0.685991
10,-0.156055,0.635679,-0.264771,-1.5753,1.47441,1.95587,-0.686903
10,-0.154718,0.635581,-0.264324,-1.5766,1.47481,1.95426,-0.687813
10,-0.153382,0.635486,-0.263874,-1.57789,1.47523,1.95265,-0.688722
10,-0.152046,0.635395,-0.263423,-1.57918,1.47564,1.95105,-0.689628
10,-0.150711,0.635308,-0.26297,-1.58046,1.47606,1.94944,-0.690533
10,-0.149377,0.635226,-0.262515,-1.58173,1.47649,1.94783,-0.691436
10,-0.148043,0.635147,-0.262058,-1.583,1.47692,1.94622,-0.692338
10,-0.14671,0.635073,-0.261599,-1.58426,1.47735,1.94461,-0.693237
10,-0.145378,0.635003,-0.261138,-1.58551,1.47779,1.94301,-0.694135
10,-0.144046,0.634937,-0.260676,-1.58676,1.47824,1.9414,-0.695032
10,-0.142715,0.634874,-0.260211,-1.588,1.47869,1.93979,-0.695926
10,-0.141384,0.634816,-0.259745,-1.58924,1.47914,1.93818,-0.696819
10,-0.140055,0.634763,-0.259277,-1.59047,1.4796,1.93658,-0.69771
10,-0.138725,0.634713,-0.258807,-1.59169,1.48006,1.93497,-0.6986
10,-0.137397,0.634667,-0.258335,-1.59291,1.48053,1.93336,-0.699487
10,-0.136069,0.634625,-0.257861,-1.59412,1.481,1.93176,-0.700374
10,-0.134742,0.634588,-0.257386,-1.59532,1.48148,1.93015,-0.701258
10,-0.133415,0.634554,-0.256908,-1.59652,1.48196,1.92854,-0.702141
10,-0.132089,0.634525,-0.256429,-1.59771,1.48244,1.92694,-0.703023
10,-0.130764,0.6345,-0.255948,-1.5989,1.48293,1.92533,-0.703903
10,-0.129439,0.634479,-0.255465,-1.60008,1.48343,1.92373,-0.704781
10,-0.128115,0.634461,-0.254981,-1.60126,1.48393,1.92212,-0.705658
10,-0.126791,0.634448,-0.254495,-1.60242,1.48443,1.92052,-0.706533
10,-0.125469,0.634439,-0.254006,-1.60359,1.48494,1.91891,-0.707406
10,-0.124146,0.634434,-0.253517,-1.60474,1.48545,1.91731,-0.708278
10,-0.122825,0.634434,-0.253025,-1.60589,1.48597,1.9157,-0.709149
10,-0.121504,0.634437,-0.252532,-1.60703,1.48649,1.9141,-0.710018
10,-0.120183,0.634444,-0.252036,-1.60817,1.48701,1.91249,-0.710886
10,-0.118863,0.634456,-0.251539,-1.6093,1.48754,1.91089,-0.711752
10,-0.117544,0.634471,-0.251041,-1.61043,1.48807,1.90929,-0.712617
10,-0.116225,0.63449,-0.250541,-1.61155,1.48861,1.90768,-0.71348
10,-0.114907,0.634514,-0.250038,-1.61266,1.48916,1.90608,-0.714342
10,-0.11359,0.634542,-0.249535,-1.61377,1.4897,1.90448,-0.715202
10,-0.112273,0.634573,-0.249029,-1.61487,1.49025,1.90288,-0.716062
10,-0.110957,0.634609,-0.248522,-1.61596,1.49081,1.90128,-0.716919
10,-0.109641,0.634649,-0.248013,-1.61705,1.49137,1.89967,-0.717775
10,-0.108326,0.634693,-0.247502,-1.61813,1.49193,1.89807,-0.71863
10,-0.107011,0.634741,-0.24699,-1.61921,1.4925,1.89647,-0.719484
10,-0.105697,0.634793,-0.246476,-1.62028,1.49307,1.89487,-0.720336
10,-0.104384,0.634849,-0.245961,-1.62134,1.49365,1.89327,-0.721187
10,-0.103071,0.634909,-0.245443,-1.6224,1.49423,1.89167,-0.722036
10,-0.101759,0.634973,-0.244924,-1.62345,1.49481,1.89007,-0.722884
10,-0.100447,0.635041,-0.244404,-1.62449,1.4954,1.88847,-0.723731
10,-0.099136,0.635113,-0.243882,-1.62553,1.496,1.88688,-0.724577
10,-0.0978254,0.63519,-0.243358,-1.62657,1.49659,1.88528,-0.725421
10,-0.0965155,0.63527,-0.242832,-1.62759,1.49719,1.88368,-0.726264
10,-0.0952061,0.635354,-0.242305,-1.62861,1.4978,1.88208,-0.727106
10,-0.0938972,0.635443,-0.241776,-1.62963,1.49841,1.88049,-0.727946
10,-0.092589,0.635535,-0.241246,-1.63064,1.49902,1.87889,-0.728785
10,-0.0912813,0.635631,-0.240714,-1.63164,1.49964,1.8773,-0.729623
10,-0.0899741,0.635732,-0.24018,-1.63263,1.50026,1.8757,-0.73046
10,-0.0886675,0.635836,-0.239645,-1.63362,1.50089,1.87411,-0.731295
10,-0.0873615,0.635945,-0.239109,-1.63461,1.50152,1.87251,-0.73213
10,-0.086056,0.636058,-0.23857,-1.63559,1.50215,1.87092,-0.732963
10,-0.0847511,0.636174,-0.23803,-1.63656,1.50279,1.86932,-0.733795
10,-0.0834467,0.636295,-0.237489,-1.63752,1.50343,1.86773,-0.734625
10,-0.0821429,0.636419,-0.236946,-1.63848,1.50408,1.86614,-0.735455
10,-0.0808396,0.636548,-0.236402,-1.63943,1.50472,1.86455,-0.736283
10,-0.0795368,0.636681,-0.235856,-1.64038,1.50538,1.86296,-0.73711
10,-0.0782346,0.636817,-0.235308,-1.64132,1.50604,1.86137,-0.737936
10,-0.076933,0.636958,-0.234759,-1.64226,1.5067,1.85978,-0.738761
10,-0.0756319,0.637103,-0.234208,-1.64319,1.50736,1.85819,-0.739585
10,-0.0743313,0.637251,-0.233656,-1.64411,1.50803,1.8566,-0.740407
10,-0.0730313,0.637404,-0.233102,-1.64502,1.5087,1.85501,-0.741228
10,-0.0717318,0.637561,-0.232547,-1.64593,1.50938,1.85342,-0.742049
10,-0.0704328,0.637721,-0.231991,-1.64684,1.51006,1.85183,-0.742868
10,-0.0691344,0.637886,-0.231432,-1.64774,1.51074,1.85025,-0.743686
10,-0.0678366,0.638055,-0.230873,-1.64863,1.51143,1.84866,-0.744503
10,-0.0665392,0.638227,-0.230312,-1.64951,1.51212,1.84708,-0.745319
10,-0.0652424,0.638404,-0.229749,-1.65039,1.51282,1.84549,-0.746134
10,-0.0639461,0.638585,-0.229185,-1.65127,1.51352,1.84391,-0.746947
10,-0.0626504,0.638769,-0.22862,-1.65213,1.51422,1.84232,-0.74776
10,-0.0613551,0.638958,-0.228053,-1.65299,1.51493,1.84074,-0.748572
10,-0.0600604,0.63915,-0.227484,-1.65385,1.51564,1.83916,-0.749382
10,-0.0587663,0.639347,-0.226915,-1.6547,1.51635,1.83758,-0.750192
10,-0.0574726,0.639547,-0.226343,-1.65554,1.51707,1.836,-0.751
10,-0.0561795,0.639752,-0.225771,-1.65638,1.51779,1.83442,-0.751807
10,-0.0548869,0.63996,-0.225197,-1.65721,1.51851,1.83284,-0.752614
10,-0.0535948,0.640173,-0.224621,-1.65803,1.51924,1.83126,-0.753419
10,-0.0523033,0.640389,-0.224045,-1.65885,1.51997,1.82968,-0.754224
10,-0.0510122,0.640609,-0.223466,-1.65966,1.52071,1.8281,-0.755027
10,-0.0497217,0.640834,-0.222887,-1.66046,1.52145,1.82653,-0.755829
10,-0.0484317,0.641062,-0.222306,-1.66126,1.52219,1.82495,-0.75663
10,-0.0471423,0.641294,-0.221723,-1.66206,1.52294,1.82337,-0.757431
10,-0.0458533,0.64153,-0.22114,-1.66284,1.52369,1.8218,-0.75823
10,-0.0445649,0.64177,-0.220555,-1.66362,1.52444,1.82023,-0.759028
10,-0.043277,0.642014,-0.219968,-1.6644,1.5252,1.81865,-0.759826
10,-0.0419896,0.642262,-0.219381,-1.66517,1.52596,1.81708,-0.760622
10,-0.0407027,0.642514,-0.218791,-1.66593,1.52672,1.81551,-0.761418
10,-0.0394163,0.64277,-0.218201,-1.66669,1.52749,1.81394,-0.762212
10,-0.0381304,0.64303,-0.217609,-1.66744,1.52826,1.81237,-0.763006
10,-0.0368451,0.643293,-0.217016,-1.66818,1.52903,1.8108,-0.763798
10,-0.0355602,0.643561,-0.216422,-1.66892,1.52981,1.80923,-0.76459
10,-0.0342759,0.643833,-0.215826,-1.66965,1.53059,1.80766,-0.76538
10,-0.0329921,0.644108,-0.21523,-1.67037,1.53137,1.80609,-0.76617
10,-0.0317088,0.644387,-0.214631,-1.67109,1.53216,1.80453,-0.766959
10,-0.030426,0.644671,-0.214032,-1.67181,1.53295,1.80296,-0.767747
10,-0.0291437,0.644958,-0.213431,-1.67251,1.53375,1.8014,-0.768534
10,-0.0278619,0.645249,-0.212829,-1.67321,1.53454,1.79983,-0.76932
10,-0.0265806,0.645544,-0.212226,-1.67391,1.53534,1.79827,-0.770105
10,-0.0252999,0.645843,-0.211622,-1.6746,1.53615,1.79671,-0.770889
10,-0.0240196,0.646145,-0.211016,-1.67528,1.53695,1.79515,-0.771672
10,-0.0227399,0.646452,-0.210409,-1.67596,1.53776,1.79359,-0.772454
10,-0.0214606,0.646762,-0.209801,-1.67663,1.53858,1.79203,-0.773236
10,-0.0201819,0.647077,-0.209191,-1.67729,1.53939,1.79047,-0.774016
10,-0.0189036,0.647395,-0.208581,-1.67795,1.54021,1.78891,-0.774796
10,-0.0176259,0.647717,-0.207969,-1.6786,1.54104,1.78735,-0.775575
10,-0.0163487,0.648043,-0.207356,-1.67924,1.54186,1.7858,-0.776353
10,-0.015072,0.648373,-0.206742,-1.67988,1.54269,1.78424,-0.77713
10,-0.0137958,0.648707,-0.206127,-1.68051,1.54353,1.78269,-0.777906
10,-0.01252,0.649044,-0.20551,-1.68114,1.54436,1.78114,-0.778681
10,-0.0112448,0.649386,-0.204893,-1.68176,1.5452,1.77958,-0.779455
10,-0.00997013,0.649731,-0.204274,-1.68238,1.54604,1.77803,-0.780229
10,-0.00869593,0.65008,-0.203654,-1.68298,1.54689,1.77648,-0.781001
10,-0.00742223,0.650433,-0.203033,-1.68359,1.54773,1.77493,-0.781773
10,-0.00614903,0.65079,-0.20241,-1.68418,1.54858,1.77338,-0.782544
10,-0.00487634,0.65115,-0.201787,-1.68477,1.54944,1.77183,-0.783314
10,-0.00360414,0.651515,-0.201163,-1.68535,1.55029,1.77029,-0.784083
10,-0.00233245,0.651883,-0.200537,-1.68593,1.55115,1.76874,-0.784851
10,-0.00106126,0.652255,-0.19991,-1.6865,1.55202,1.76719,-0.785619
10,0.000209428,0.652631,-0.199283,-1.68707,1.55288,1.76565,-0.786385
10,0.00147962,0.653011,-0.198654,-1.68762,1.55375,1.76411,-0.787151
10,0.0027493,0.653394,-0.198024,-1.68818,1.55462,1.76256,-0.787916
11,0.0027493,0.653394,-0.198024,-1.68818,1.55462,1.76256,-0.787916
11,0.0027493,0.653394,-0.198024,-1.68818,1.55462,1.76256,-0.787916
11,0.0027768,0.653022,-0.198076,-1.68886,1.5545,1.76258,-0.788242
12,0.0027768,0.653022,-0.198076,-1.68886,1.5545,1.76258,-0.788242
12,0.00404054,0.651883,-0.197545,-1.68915,1.5554,1.76114,-0.787217
12,0.00530442,0.650749,-0.197014,-1.68943,1.5563,1.75969,-0.786192
12,0.0065682,0.649618,-0.196483,-1.6897,1.5572,1.75824,-0.785165
12,0.00783188,0.648491,-0.195951,-1.68996,1.5581,1.75679,-0.784137
12,0.00909545,0.647366,-0.195419,-1.69022,1.559,1.75533,-0.783109
12,0.0103589,0.646245,-0.194886,-1.69047,1.5599,1.75388,-0.782079
12,0.0116223,0.645128,-0.194353,-1.69072,1.5608,1.75242,-0.781049
12,0.0128856,0.644014,-0.193819,-1.69096,1.56169,1.75096,-0.780017
12,0.0141487,0.642903,-0.193284,-1.69119,1.56259,1.7495,-0.778985
12,0.0154118,0.641795,-0.192749,-1.69141,1.56348,1.74804,-0.777951
12,0.0166747,0.640691,-0.192214,-1.69163,1.56438,1.74657,-0.776917
12,0.0179376,0.63959,-0.191678,-1.69185,1.56527,1.7451,-0.775882
12,0.0192003,0.638492,-0.191142,-1.69206,1.56616,1.74364,-0.774846
12,0.0204629,0.637398,-0.190605,-1.69226,1.56706,1.74216,-0.773809
12,0.0217254,0.636307,-0.190068,-1.69245,1.56795,1.74069,-0.772771
12,0.0229877,0.63522,-0.18953,-1.69264,1.56884,1.73922,-0.771732
12,0.02425,0.634136,-0.188992,-1.69282,1.56973,1.73774,-0.770693
12,0.0255121,0.633056,-0.188453,-1.693,1.57062,1.73626,-0.769652
12,0.0267741,0.631979,-0.187914,-1.69317,1.5715,1.73478,-0.768611
12,0.028036,0.630905,-0.187375,-1.69333,1.57239,1.7333,-0.767569
12,0.0292977,0.629835,-0.186835,-1.69349,1.57328,1.73181,-0.766526
12,0.0305593,0.628768,-0.186295,-1.69364,1.57416,1.73033,-0.765482
12,0.0318208,0.627705,-0.185754,-1.69379,1.57505,1.72884,-0.764438
12,0.0330822,0.626645,-0.185213,-1.69393,1.57593,1.72735,-0.763393
12,0.0343434,0.625589,-0.184672,-1.69406,1.57681,1.72586,-0.762347
12,0.0356045,0.624536,-0.18413,-1.69419,1.5777,1.72436,-0.7613
12,0.0368654,0.623487,-0.183587,-1.69431,1.57858,1.72287,-0.760252
12,0.0381262,0.622441,-0.183045,-1.69442,1.57946,1.72137,-0.759204
12,0.0393869,0.621399,-0.182502,-1.69453,1.58034,1.71987,-0.758154
12,0.0406474,0.620361,-0.181958,-1.69463,1.58121,1.71837,-0.757104
12,0.0419078,0.619326,-0.181415,-1.69472,1.58209,1.71687,-0.756054
12,0.043168,0.618294,-0.180871,-1.69481,1.58297,1.71536,-0.755002
12,0.0444281,0.617267,-0.180326,-1.69489,1.58384,1.71385,-0.75395
12,0.0456881,0.616242,-0.179781,-1.69497,1.58471,1.71234,-0.752898
12,0.0469479,0.615222,-0.179236,-1.69504,1.58559,1.71083,-0.751844
12,0.0482075,0.614205,-0.178691,-1.6951,1.58646,1.70932,-0.75079
12,0.049467,0.613191,-0.178145,-1.69516,1.58733,1.70781,-0.749735
12,0.0507263,0.612181,-0.177599,-1.69521,1.5882,1.70629,-0.748679
12,0.0519854,0.611175,-0.177053,-1.69525,1.58906,1.70477,-0.747623
12,0.0532444,0.610173,-0.176506,-1.69529,1.58993,1.70326,-0.746566
12,0.0545033,0.609174,-0.175959,-1.69532,1.5908,1.70173,-0.745509
12,0.055762,0.608179,-0.175412,-1.69535,1.59166,1.70021,-0.74445
12,0.0570205,0.607187,-0.174864,-1.69537,1.59252,1.69869,-0.743392
12,0.0582788,0.606199,-0.174317,-1.69538,1.59338,1.69716,-0.742332
12,0.059537,0.605215,-0.173769,-1.69539,1.59424,1.69563,-0.741272
13,0.059537,0.605215,-0.173769,-1.69539,1.59424,1.69563,-0.741272
13,0.059537,0.605215,-0.173769,-1.69539,1.59424,1.69563,-0.741272
13,0.0595151,0.605444,-0.173749,-1.69499,1.59429,1.69563,-0.741098
14,0.0595151,0.605444,-0.173749,-1.69499,1.59429,1.69563,-0.741098
14,0.0581368,0.606037,-0.174381,-1.69486,1.59334,1.69731,-0.741655
14,0.0567584,0.606635,-0.175013,-1.69472,1.59239,1.69899,-0.742213
14,0.0553796,0.607238,-0.175645,-1.69458,1.59143,1.70067,-0.74277
14,0.0540006,0.607843,-0.176276,-1.69443,1.59048,1.70235,-0.743326
14,0.0526213,0.608453,-0.176907,-1.69428,1.58952,1.70403,-0.743882
14,0.0512418,0.609066,-0.177537,-1.69411,1.58857,1.70571,-0.744438
14,0.049862,0.609683,-0.178167,-1.69395,1.58761,1.70738,-0.744994
14,0.0484819,0.610304,-0.178797,-1.69377,1.58666,1.70906,-0.745549
14,0.0471016,0.610928,-0.179426,-1.69359,1.5857,1.71073,-0.746104
14,0.045721,0.611556,-0.180054,-1.69341,1.58475,1.7124,-0.746658
14,0.0443401,0.612188,-0.180682,-1.69321,1.58379,1.71407,-0.747212
14,0.042959,0.612823,-0.18131,-1.69301,1.58284,1.71574,-0.747766
14,0.0415777,0.613462,-0.181937,-1.69281,1.58188,1.71741,-0.748319
14,0.0401961,0.614105,-0.182564,-1.6926,1.58093,1.71908,-0.748872
14,0.0388142,0.614751,-0.18319,-1.69238,1.57997,1.72075,-0.749425
14,0.0374321,0.615401,-0.183816,-1.69216,1.57901,1.72241,-0.749977
14,0.0360498,0.616054,-0.184441,-1.69193,1.57806,1.72408,-0.750528
14,0.0346672,0.616711,-0.185065,-1.69169,1.5771,1.72574,-0.75108
14,0.0332843,0.617372,-0.185689,-1.69145,1.57615,1.7274,-0.75163
14,0.0319013,0.618036,-0.186313,-1.6912,1.57519,1.72906,-0.752181
14,0.030518,0.618704,-0.186936,-1.69094,1.57423,1.73072,-0.752731
14,0.0291344,0.619375,-0.187558,-1.69068,1.57328,1.73238,-0.75328
14,0.0277507,0.62005,-0.18818,-1.69041,1.57232,1.73404,-0.753829
14,0.0263667,0.620729,-0.188801,-1.69014,1.57136,1.7357,-0.754378
14,0.0249825,0.621411,-0.189422,-1.68986,1.57041,1.73735,-0.754926
14,0.023598,0.622097,-0.190042,-1.68957,1.56945,1.73901,-0.755474
14,0.0222133,0.622786,-0.190661,-1.68928,1.56849,1.74066,-0.756021
14,0.0208284,0.623479,-0.19128,-1.68898,1.56754,1.74231,-0.756568
14,0.0194433,0.624175,-0.191898,-1.68867,1.56658,1.74396,-0.757114
14,0.018058,0.624875,-0.192516,-1.68836,1.56563,1.74561,-0.75766
14,0.0166724,0.625578,-0.193133,-1.68804,1.56467,1.74726,-0.758205
14,0.0152867,0.626285,-0.193749,-1.68772,1.56372,1.7489,-0.758749
14,0.0139007,0.626995,-0.194365,-1.68739,1.56276,1.75055,-0.759294
14,0.0125145,0.627709,-0.19498,-1.68705,1.56181,1.75219,-0.759837
14,0.0111281,0.628427,-0.195594,-1.68671,1.56085,1.75384,-0.76038
14,0.00974151,0.629147,-0.196208,-1.68636,1.5599,1.75548,-0.760923
14,0.00835471,0.629872,-0.196821,-1.686,1.55894,1.75712,-0.761465
14,0.0069677,0.6306,-0.197433,-1.68564,1.55799,1.75876,-0.762007
14,0.00558049,0.631331,-0.198045,-1.68527,1.55703,1.7604,-0.762548
14,0.00419309,0.632066,-0.198656,-1.6849,1.55608,1.76203,-0.763088
14,0.00280548,0.632804,-0.199266,-1.68451,1.55513,1.76367,-0.763628
14,0.00141769,0.633546,-0.199875,-1.68413,1.55417,1.7653,-0.764167
14,2.9694e-05,0.634291,-0.200484,-1.68373,1.55322,1.76694,-0.764706
14,-0.00135849,0.635039,-0.201092,-1.68333,1.55227,1.76857,-0.765244
14,-0.00274686,0.635791,-0.201699,-1.68293,1.55131,1.7702,-0.765781
14,-0.00413542,0.636547,-0.202306,-1.68252,1.55036,1.77183,-0.766318
14,-0.00552416,0.637306,-0.202911,-1.6821,1.54941,1.77346,-0.766854
14,-0.00691309,0.638068,-0.203516,-1.68167,1.54846,1.77508,-0.767389
14,-0.00830221,0.638834,-0.20412,-1.68124,1.54751,1.77671,-0.767924
14,-0.0096915,0.639603,-0.204724,-1.68081,1.54656,1.77833,-0.768459
14,-0.011081,0.640375,-0.205326,-1.68036,1.54561,1.77995,-0.768992
14,-0.0124706,0.641151,-0.205928,-1.67991,1.54466,1.78157,-0.769525
14,-0.0138604,0.64193,-0.206529,-1.67946,1.54371,1.78319,-0.770057
14,-0.0152504,0.642713,-0.207129,-1.67899,1.54276,1.78481,-0.770589
14,-0.0166406,0.643499,-0.207728,-1.67853,1.54182,1.78643,-0.77112
14,-0.0180309,0.644288,-0.208327,-1.67805,1.54087,1.78805,-0.77165
14,-0.0194214,0.64508,-0.208924,-1.67757,1.53992,1.78966,-0.77218
14,-0.0208121,0.645876,-0.209521,-1.67708,1.53898,1.79127,-0.772708
14,-0.022203,0.646676,-0.210117,-1.67659,1.53803,1.79289,-0.773236
14,-0.023594,0.647478,-0.210712,-1.67609,1.53709,1.7945,-0.773764
14,-0.0249851,0.648284,-0.211306,-1.67558,1.53614,1.79611,-0.77429
14,-0.0263764,0.649094,-0.2119,-1.67507,1.5352,1.79771,-0.774816
14,-0.0277679,0.649906,-0.212492,-1.67455,1.53425,1.79932,-0.775341
14,-0.0291596,0.650722,-0.213084,-1.67403,1.53331,1.80092,-0.775865
14,-0.0305514,0.651541,-0.213674,-1.6735,1.53237,1.80253,-0.776389
14,-0.0319433,0.652364,-0.214264,-1.67296,1.53143,1.80413,-0.776912
14,-0.0333354,0.653189,-0.214853,-1.67242,1.53049,1.80573,-0.777434
14,-0.0347277,0.654018,-0.215441,-1.67187,1.52955,1.80733,-0.777955
14,-0.0361201,0.65485,-0.216028,-1.67131,1.52861,1.80893,-0.778475
14,-0.0375126,0.655686,-0.216614,-1.67075,1.52767,1.81052,-0.778994
14,-0.0389053,0.656525,-0.217199,-1.67018,1.52673,1.81212,-0.779513
14,-0.0402981,0.657367,-0.217783,-1.66961,1.5258,1.81371,-0.780031
14,-0.0416911,0.658212,-0.218366,-1.66903,1.52486,1.81531,-0.780548
14,-0.0430842,0.65906,-0.218948,-1.66844,1.52393,1.8169,-0.781064
14,-0.0444775,0.659912,-0.219529,-1.66785,1.52299,1.81849,-0.781579
14,-0.0458709,0.660767,-0.22011,-1.66725,1.52206,1.82007,-0.782093
14,-0.0472645,0.661625,-0.220689,-1.66664,1.52113,1.82166,-0.782607
14,-0.0486581,0.662486,-0.221267,-1.66603,1.52019,1.82325,-0.783119
14,-0.0500519,0.663351,-0.221845,-1.66541,1.51926,1.82483,-0.783631
14,-0.0514459,0.664218,-0.222421,-1.66479,1.51833,1.82641,-0.784141
14,-0.05284,0.665089,-0.222996,-1.66416,1.5174,1.82799,-0.784651
14,-0.0542342,0.665963,-0.22357,-1.66352,1.51647,1.82957,-0.78516
14,-0.0556285,0.66684,-0.224143,-1.66288,1.51555,1.83115,-0.785667
14,-0.057023,0.66772,-0.224716,-1.66223,1.51462,1.83273,-0.786174
14,-0.0584176,0.668604,-0.225287,-1.66157,1.5137,1.8343,-0.78668
14,-0.0598123,0.66949,-0.225857,-1.66091,1.51277,1.83588,-0.787185
14,-0.0612071,0.67038,-0.226426,-1.66024,1.51185,1.83745,-0.787689
14,-0.0626021,0.671273,-0.226994,-1.65957,1.51093,1.83902,-0.788192
14,-0.0639972,0.672169,-0.227561,-1.65889,1.51,1.84059,-0.788693
14,-0.0653924,0.673068,-0.228127,-1.6582,1.50908,1.84216,-0.789194
14,-0.0667877,0.67397,-0.228691,-1.65751,1.50816,1.84372,-0.789694
15,-0.0667877,0.67397,-0.228691,-1.65751,1.50816,1.84372,-0.789694
15,-0.0667877,0.67397,-0.228691,-1.65751,1.50816,1.84372,-0.789694
15,-0.0667997,0.674238,-0.228638,-1.65701,1.50829,1.8437,-0.789446
16,-0.0667997,0.674238,-0.228638,-1.65701,1.50829,1.8437,-0.789446
16,-0.0669065,0.675943,-0.228593,-1.65725,1.50807,1.84364,-0.791432
16,-0.0670138,0.677653,-0.228546,-1.65747,1.50785,1.84359,-0.793413
16,-0.0671216,0.679367,-0.228498,-1.65769,1.50764,1.84353,-0.795392
16,-0.0672296,0.681084,-0.22845,-1.65791,1.50743,1.84348,-0.797368
16,-0.0673381,0.682805,-0.228401,-1.65812,1.50721,1.84342,-0.799341
16,-0.0674471,0.684528,-0.228352,-1.65832,1.507,1.84336,-0.801311
16,-0.0675562,0.686255,-0.228302,-1.65852,1.50679,1.8433,-0.803279
16,-0.067666,0.687986,-0.228251,-1.65871,1.50658,1.84324,-0.805244
16,-0.0677761,0.689719,-0.2282,-1.65889,1.50637,1.84318,-0.807205
16,-0.0678864,0.691456,-0.228148,-1.65907,1.50617,1.84312,-0.809164
16,-0.0679973,0.693196,-0.228095,-1.65924,1.50596,1.84306,-0.811121
16,-0.0681086,0.69494,-0.228042,-1.65941,1.50576,1.843,-0.813074
16,-0.0682201,0.696687,-0.227988,-1.65957,1.50555,1.84294,-0.815024
16,-0.0683321,0.698437,-0.227933,-1.65973,1.50535,1.84288,-0.816971
16,-0.0684446,0.70019,-0.227878,-1.65988,1.50515,1.84281,-0.818916
16,-0.0685572,0.701946,-0.227822,-1.66002,1.50495,1.84275,-0.820857
16,-0.0686704,0.703706,-0.227765,-1.66016,1.50475,1.84269,-0.822796
16,-0.068784,0.705469,-0.227708,-1.66029,1.50456,1.84262,-0.824732
16,-0.0688978,0.707234,-0.22765,-1.66041,1.50436,1.84255,-0.826664
16,-0.0690121,0.709004,-0.227592,-1.66053,1.50416,1.84249,-0.828594
16,-0.0691268,0.710776,-0.227532,-1.66064,1.50397,1.84242,-0.830521
16,-0.0692417,0.712551,-0.227473,-1.66075,1.50378,1.84235,-0.832444
16,-0.0693572,0.71433,-0.227412,-1.66085,1.50359,1.84229,-0.834365
16,-0.069473,0.716111,-0.227351,-1.66095,1.5034,1.84222,-0.836282
